[gd_scene load_steps=5 format=3 uid="uid://b6ueufxqhexh5"]

[ext_resource type="Shader" path="res://Shaders/HexPlane/Feature.gdshader" id="1_vy6f5"]
[ext_resource type="Texture2D" uid="uid://cqbjppa7iu5ce" path="res://resources/CatlikeCoding/HexMap/hex-grid-coordinates.png" id="2_dyunh"]

[sub_resource type="ShaderMaterial" id="ShaderMaterial_t672m"]
render_priority = 0
shader = ExtResource("1_vy6f5")
shader_parameter/color = Color(0.168627, 0.552941, 0.12549, 1)
shader_parameter/glossiness = 0.5
shader_parameter/specular = 0.2
shader_parameter/background_color = Color(0.2, 0.169, 0.133, 1)
shader_parameter/grid_coordinates = ExtResource("2_dyunh")

[sub_resource type="StandardMaterial3D" id="StandardMaterial3D_l1f6h"]
albedo_color = Color(0.168627, 0.552941, 0.12549, 1)

[node name="MegaFlora" type="CSGBox3D"]
transform = Transform3D(1, 0, 0, 0, 1, 0, 0, 0, 1, 0, 5, 0)
material_override = SubResource("ShaderMaterial_t672m")
size = Vector3(2, 10, 2)
material = SubResource("StandardMaterial3D_l1f6h")

[node name="Flora1" type="CSGBox3D" parent="."]
transform = Transform3D(0.707107, 0, 0.707107, 0, 1, 0, -0.707107, 0, 0.707107, 3, -0.5, 0)
size = Vector3(1.5, 9, 1.5)
material = SubResource("StandardMaterial3D_l1f6h")

[node name="Flora2" type="CSGBox3D" parent="."]
transform = Transform3D(0.866025, 0, 0.5, 0, 1, 0, -0.5, 0, 0.866025, 3, -2.5, 3.5)
size = Vector3(3, 5, 3)
material = SubResource("StandardMaterial3D_l1f6h")

[node name="Flora3" type="CSGBox3D" parent="."]
transform = Transform3D(0.707107, 0, 0.707107, 0, 1, 0, -0.707107, 0, 0.707107, -3, -1, -2)
size = Vector3(3, 8, 2)
material = SubResource("StandardMaterial3D_l1f6h")

[node name="Flora4" type="CSGBox3D" parent="."]
transform = Transform3D(0.866025, 0, 0.5, 0, 1, 0, -0.5, 0, 0.866025, -3, -3, 1)
size = Vector3(1.5, 4, 1.5)
material = SubResource("StandardMaterial3D_l1f6h")

[node name="Flora5" type="CSGBox3D" parent="."]
transform = Transform3D(0.5, 0, 0.866025, 0, 1, 0, -0.866025, 0, 0.5, -1, -1.5, 3)
size = Vector3(2, 7, 1.5)
material = SubResource("StandardMaterial3D_l1f6h")

[node name="Flora6" type="CSGBox3D" parent="."]
transform = Transform3D(0.5, 0, 0.866025, 0, 1, 0, -0.866025, 0, 0.5, 1, -2, -3)
size = Vector3(2, 6, 3)
material = SubResource("StandardMaterial3D_l1f6h")
